abbey 1027.348 1024.222 996.098
abbey 1084.474 835.7139 960.079
akroseum 524.665 334.7865 560.0784
akroseum 177.141 826.7685 504.0988
akroseum 421.5055 575.4697 892.0536
arbana 3990.901 4170.706 2446.098
arbana 3591.774 4183.524 2424.097
arbana 4462.697 3934.38 2424.095
asgard 1903.278 1948.286 2111.978
asgard 1903.251 2158.473 2111.976
asgard 1892.994 1540.709 2496.081
asgard 2282.388 1537.317 2496.078
asgard 2269.332 2553.624 2496.098
asgard 1844.134 2559.767 2496.072
authentic 1101.462 1235.511 894.5704
authentic 1100.171 738.1259 896.0782
authentic 802.5817 942.7867 960.0564
authentic 1236.556 967.7274 796.0999
autumn 4324.028 4320.379 4224.096
autumn 3961.216 3949.624 4226.06
autumn 3941.365 4341.896 4254.062
autumn 4339.35 3925.875 4256.05
bad_moon 1736.149 2123.453 2229.332
bad_moon 1736.851 1980.216 2231.279
bad_moon 2107.897 1975.837 2230.165
bad_moon 2105.474 2112.23 2232.116
berlin_wall 1033.026 1030.629 514.0959
berlin_wall 1715.628 1023.166 514.0512
berlin_wall 384.9409 1022.88 514.0778
berlin_wall 642.0523 1923.706 514.0784
berlin_wall 1425.018 1911.132 514.0594
berlin_wall 1409.266 125.9072 514.0659
bt_falls 1154.27 778.7358 1183.104
bt_falls 1406.988 1006.006 1181.974
bt_falls 1666.723 804.1039 1088.089
bt_falls 893.2514 987.9 1088.077
campo 436.4347 517.2688 192.0879
campo 218.74 501.5534 316.0577
campo 760.8922 656.9801 328.0764
capture_night 518.5051 517.0938 402.0203
catch22 809.6827 1032.051 640.0818
catch22 1314 896.6032 544.0894
catch22 1803.291 756.1013 640.0795
core_refuge 975.1968 1635.154 576.0516
core_refuge 1967.699 1640.178 475.2065
core_refuge 1720.055 1877.434 320.0509
core_refuge 446.9679 2482.811 608.0843
core_refuge 1677.854 2601.064 480.0879
core_transfer 1015.845 1843.394 508.0389
core_transfer 761.1672 1311.966 508.9713
core_transfer 1306.98 1467.889 520.0168
core_transfer 711.8785 1643.135 560.0816
damnation 1319.161 342.0803 592.0852
damnation 1023.156 579.892 450.0865
damnation 1027.429 444.1 450.0779
damnation 745.6241 673.7332 592.076
desecration 2339.663 1837.49 2112.098
desecration 1826.531 1836.297 2066.008
desecration 1833.1 1840.174 1944.1
desecration 1302.063 1840.483 2112.069
dust2 1297.006 1907.752 348.4388
dust2 1585.787 1510.232 383.5653
dust2 1896.593 1137.012 400.0159
eternal_valley 1135.864 614.0392 646.0341
eternal_valley 882.1844 374.7267 674.0815
eternal_valley 955.4836 859.3148 600.5099
eternal_valley 650.3038 668.5698 560.0841
europium 1348.833 767.7623 1153.377
europium 1008.744 695.2764 1152.071
europium 1187.965 635.8856 1410.553
europium 1173.447 369.1747 1353.13
face-capture 2578.456 3092.426 2048.059
face-capture 2283.072 1658.64 2048.085
face-capture 2316.18 2540.354 2107.195
flagstone 2164.166 2123.782 2240.092
flagstone 2024.26 1914.959 2239.476
flagstone 2240.562 1652.72 2041.644
flagstone 2597.206 2044.691 2043.698
forge 495.4822 388.9717 604.0067
forge 494.7319 597.6585 604.0126
forge 566.9877 424.838 472.091
forge 402.9431 589.6525 472.0855
forgotten 1931.496 2331.932 626.5528
forgotten 1967.818 2063.028 560.0965
garden 4098.766 3441.067 4160.091
garden 4098.146 4020.101 4128.092
garden 4093.989 4299.89 4128.053
garden 4081.344 4880.816 4160.085
hallo 976.9481 1214.18 1018.154
hallo 753.806 1785.036 966.3498
hallo 1368.273 587.1792 1348.438
haste 1100.123 867.8978 491.0454
haste 690.0242 992.0458 490.4104
haste 1023.709 1051.883 610.6338
haste 769.4913 804.1002 610.6157
hidden 3052.922 2350.105 1408.099
hidden 2638.261 1931.437 1344.068
hidden 1395.552 1950.477 1344.094
hidden 1022.062 1772.373 1408.057
infamy 1605.698 1456.129 2160.049
infamy 1722.377 1849.897 2049.902
infamy 2165.856 2573.399 2160.089
infamy 2043.289 1273.557 2128.057
infamy 1739.509 2762.426 2128.097
killcore3 755.9767 1022.116 1240.081
killcore3 1300.414 1022.359 1240.05
killcore3 1320.412 1025.317 1240.099
killcore3 719.0034 1020.677 1240.086
l_ctf 620.9564 766.1233 456.0331
l_ctf 772.781 628.6132 456.0021
l_ctf 104.0 768.0 480
l_ctf 768.0 108.5495 480
l_ctf 486.5367 485.048 414.0891
mach2 929.3928 1595.711 1026.004
mach2 1062.94 523.9159 1024.172
mach2 983.0797 302.3315 1200.09
mach2 1023.586 1796.701 1200.038
mbt1 984.863 1058.539 544.0977
mbt1 1350.343 736.3387 512.0941
mbt1 659.6037 1262.6 512.0951
mbt1 994.5536 863.5796 480.0949
mbt4 1295.827 408.4969 688.0014
mbt4 1026.681 275.3491 640.0642
mbt4 684.6505 315.7556 736.0989
mbt4 431.0788 177.6204 624.0635
mbt12 574.2883 1405.211 615.0997
mbt12 1202.936 1026.543 615.0925
mercury 513.1066 783.5229 672.0005
mercury 784.3441 512.7042 672.0413
mercury 734.4875 343.4016 560.0864
mercury 299.8396 685.4378 560.035
mill 1370.249 1073.076 1120.034
mill 812.6287 1046.55 1088.08
mill 1020.872 1652.799 1152.077
mill 1184.447 774.5947 1024.055
nitro 2327.787 1822.702 352.0817
nitro 1750.013 2271.945 352.0732
nitro 1571.402 2498.767 328.0776
nitro 2512.584 1594.692 328.0794
nucleus 788.1 390.3962 240.0654
nucleus 824.3221 731.9835 256.0758
nucleus 885.4032 345.8922 191.2807
nucleus 373.6988 637.6226 120.0902
recovery 930.3435 736.0378 1532.053
recovery 934.7822 1150.666 1532.09
recovery 1568.756 946.2996 1797.098
redemption 1060.126 1097.503 960.0242
redemption 934.3032 1021.493 1056.075
redemption 1114.595 375.5797 1056.073
redemption 989.4824 323.1296 960.0293
redemption 1024.83 705.1368 1120.069
reissen 948.6813 1264.192 1360.008
reissen 1038.323 1534.351 1360.088
reissen 850.2264 990.7876 1360.04
reissen 1143.937 1424.913 1280.045
reissen 748.1219 1103.648 1280.071
sacrifice 1740.0 220.0 126.5949
sacrifice 1667.401 312.3059 381.8095
sacrifice 2362.935 706.7371 480.0092
sacrifice 1630.626 549.5027 120.5683
shipwreck 4621.387 5246.495 4208.093
shipwreck 4613.625 4875.455 4133.972
shipwreck 4597.205 4437.191 4221.415
shipwreck 4301.227 4057.272 4176.036
shipwreck 3559.585 4755.932 4224.093
siberia 420.4934 1758.281 464.0498
siberia 838.3844 1009.981 552.663
siberia 849.1379 1192.966 448.0754
siberia 816.8748 824.2175 448.0632
siberia 1240.09 251.0299 464.057
snapper_rocks 1992.817 2054.968 2261.753
snapper_rocks 1635.33 2169.419 2044.523
snapper_rocks 1984.0 1712.0 2114.021
snapper_rocks 2287.394 2092.536 2036.367
subterra 1054.589 449.0392 448.0699
subterra 1299.878 1132.166 448.054
subterra 1327.463 1341.391 461.089
subterra 1120.635 1673.775 416.0688
suburb 1092.805 1219.451 1073.994
suburb 484.4214 931.1274 1040.095
suburb 856.277 883.8615 1157.231
suburb 1090.57 1617.439 1233.272
tejen 1150.677 1065.943 896.0275
tejen 899.5803 972.4269 896.0597
tejen 580.4446 900.9504 924.0095
tejen 1465.549 1147.202 924.0091
tejen 711.3917 1284.56 896.0898
tempest 1619.555 2048.969 516.546
tempest 2056.697 2049.504 584.4713
tempest 2489.629 2050.158 514.39
tempest 2071.129 2175.951 486.0658
tempest 2019.756 1916.299 486.091
tempest 2894.631 2045.918 414.0456
tempest 1206.349 2049.963 414.071
tortuga 1499.51 1576.74 976.0175
tortuga 1300.929 845.7975 944.0956
tortuga 1546.439 855.4056 944.0872
tortuga 1240.912 1119.396 964.1201
tortuga 961.6905 839.491 962.0683
tortuga 916.3989 808.4803 1005.049
turbulence 269.9268 1230.673 776.0664
turbulence 440.5228 983.4359 720.0591
turbulence 727.4809 959.5045 776.0667
turbulence 1064.643 829.7122 776.0688
turbulence 1346.3 808.4387 720.0933
turbulence 1522.918 562.0184 776.0806
twinforts 632.1869 727.4899 384.05
twinforts 735.4354 511.5806 384.0756
twinforts 395.9556 284.8747 384.0908
twinforts 511.9595 512.6949 400.0714
urban_c 467.6152 3694.196 2092.431
urban_c 496.7745 3162.148 2048.056
urban_c 507.7255 2977.688 2112.097
urban_c 303.5705 2436.843 2112.099
urban_c 238.8652 2365.338 2152.099
urban_c 464.1215 2091.134 2112.075
urban_c 931.7913 2296.573 2092.659
urban_c 656.7317 2565.214 2055.458
valhalla 435.7922 1167.442 1208.095
valhalla 1048.271 1510.724 1024.07
valhalla 941.8472 884.5953 1024.092
valhalla 1841.443 1167.131 1408.041
valhalla 2072.0 1168.0 1264.021
valhalla 2605.267 1167.918 1344.065
wdcd 289.4328 180.3796 616.064
wdcd 539.4847 447.8325 480.0999
wdcd 531.7469 919.0355 512.0996
wdcd 731.9603 845.626 616.0502
wdcd 599.3763 591.6507 512.0983
wdcd 491.5749 106.9297 512.0511
xenon 3645.948 2602.091 465.3874
xenon 2834.93 2178.232 464.1402
xenon 4125.393 2460.274 528.0932
xenon 3929.791 2798.826 480.0595
xenon 4133.258 2965.554 377.3455
xenon 3986.973 2465.345 660.0988
xenon 4080.651 2555.375 798.1796
abbey 1607.8125 1186.8125 1000
abbey 1485.25 1185.6875 1000
abbey 1493.375 1086.9375 1000
abbey 1646.375 932.375 974
abbey 1512.125 872.375 960.0625
abbey 1501.125 613 1010.1875
abbey 1489.5 516.0625 944
abbey 1321.375 684.5 960
abbey 1315.8125 1127.3125 960
abbey 1033.0625 1208.6875 960
abbey 1216.875 1303.5 1000
abbey 786.3125 1335.3125 960.0625
abbey 605.0625 1472.6875 944.0625
abbey 536.5625 1305.0625 960.0625
abbey 549.125 1436.625 1010.5
abbey 390.4375 1137.0625 974
abbey 381.875 984.5 1000
abbey 470.4375 892.8125 1000
abbey 667.5 907.9375 1000
abbey 1019.8125 725.5625 1024
abbey 741.9375 917.125 960
akroseum 249.5 426 446.25
akroseum 354.625 428.5 496.0625
akroseum 526.8125 287.625 492
akroseum 647.8125 49.5 512.0625
akroseum 906.5625 25.0625 512.0625
akroseum 808.1875 89.4375 904.0625
akroseum 524.4375 336.875 560.0625
akroseum 309.0625 810.75 559.4375
akroseum 502.125 949.9375 496.0625
akroseum 557.1875 761.9375 496.0625
akroseum 829 732.5625 488.0625
akroseum 796.6875 1000 488.0625
akroseum 1002.5 265.875 512.0625
arbana 4362.25 3858.25 2362.75
arbana 4323 3682.125 2384
arbana 3975.125 3679.3125 2377.5625
arbana 3835.6875 3827.625 2416.0625
arbana 3989.75 4167.75 2446
arbana 4050 4375.3125 2416.0625
arbana 3849.375 4452.4375 2382.875
arbana 3655.0625 4377.875 2353.875
arbana 3688 4186.5625 2386.8125
arbana 3964.9375 3963.0625 2432
arbana 4249.875 3923.125 2448.5625
arbana 3520.5 4030.875 2366
bad_moon 1922.125 2047.875 2256
bad_moon 1811.625 2222 2160
bad_moon 2040.4375 1888.5 2160
bad_moon 1697.4375 2113.1875 2176
bad_moon 1353.8125 1886.4375 2224.0625
bad_moon 1534.9375 2048.625 2368.0625
bad_moon 2191.125 1980.125 2240.0625
bad_moon 2166.5625 2118.375 2176
bad_moon 2488.125 1890.625 2224.0625
bad_moon 2308 2047.875 2368.0625
bad_moon 1916.125 1807.8125 2320
berlin_wall 120.6875 1234.3125 514
berlin_wall 79.8125 1868.25 514
berlin_wall 96.125 842.875 532.4375
berlin_wall 78.25 259.8125 531
berlin_wall 677.9375 157.6875 514.0625
berlin_wall 581.875 1025.625 592
berlin_wall 1476.75 1019.0625 592.0625
berlin_wall 1443.9375 238.25 514.0625
berlin_wall 1962.9375 140.5625 514.0625
berlin_wall 1940.6875 880.375 514.0625
berlin_wall 1955.125 1170 514.0625
berlin_wall 1962.1875 1928.25 514.0625
berlin_wall 1023.75 1016.4375 256.0625
bt_falls 1387.3125 1561.375 1120
bt_falls 1495.6875 1168.125 1088.0625
bt_falls 1273 1176.0625 1012.1875
bt_falls 985.5 1405.5 1072
bt_falls 1100.75 1030.0625 1184
bt_falls 1270.25 885.375 1202.75
bt_falls 1486.25 620.0625 1182.9375
bt_falls 1415.75 492.1875 1021.3125
bt_falls 1189.75 368.0625 1087.3125
bt_falls 1076.25 777.125 1088
bt_falls 1263.375 902.125 1104.8125
campo 933.875 735.5625 256.0625
campo 956.5 406 256.0625
campo 961.5 63.6875 256
campo 603.875 58.6875 256.0625
campo 584 275.125 312
campo 437.75 200.3125 256.0625
campo 229.125 352.5 256.0625
campo 51.8125 603.375 328.0625
campo 359.0625 761.9375 330.625
campo 747.125 479 320
campo 458.5 521.375 128.0625
capture_night 219.8125 169.8125 448.0625
capture_night 117.75 218.5 416.0625
capture_night 393.1875 181.5 400.0625
capture_night 503.25 183.125 384.0625
capture_night 812.3125 236.8125 432.0625
capture_night 897.0625 267.125 384.0625
capture_night 861.1875 519.75 384.0625
capture_night 114.1875 525.125 386.375
capture_night 112 728.1875 384.5
capture_night 395.8125 842.0625 400.0625
capture_night 447.375 880.1875 480
capture_night 808.4375 854.9375 448.0625
capture_night 501.3125 791.4375 384.0625
catch22 1040 1080.375 504.25
catch22 1309.0625 804.875 461.875
catch22 1620.5 703.6875 506.6875
catch22 1789.875 561.4375 672.0625
catch22 1861.5625 939.25 696
catch22 1524.1875 826.125 640.0625
catch22 1340.875 806.625 616.0625
catch22 1133.5 974.875 640.0625
catch22 957 732.375 656.0625
catch22 761.625 829.6875 696.0625
catch22 905.125 1187.9375 656
catch22 1229.3125 582.125 608
catch22 1007.3125 1151.5 695.0625
catch22 1409.1875 1064.375 576
core_refuge 941.75 2406.375 568
core_refuge 725.8125 2271.375 576.0625
core_refuge 487.3125 2399.5625 514.125
core_refuge 791.0625 2723.9375 505.75
core_refuge 1290.4375 2793.8125 512
core_refuge 587.625 1956.1875 528.0625
core_refuge 444.375 1488.3125 523.125
core_refuge 801.625 1162.8125 512.25
core_refuge 979.25 1052.6875 512.0625
core_refuge 1363.4375 1427.0625 512
core_refuge 1534.1875 1182.375 512
core_refuge 1292.0625 2698 656.0625
core_transfer 1444.5625 1748 510.1875
core_transfer 1602.1875 1550.1875 512
core_transfer 1427.6875 1099.5 512.0625
core_transfer 1351 664.625 512
core_transfer 880 911.3125 502
core_transfer 724.25 1955.125 497.875
core_transfer 1432.1875 1924.8125 704
core_transfer 1087.0625 1640.125 528
damnation 1588 708 640
damnation 1231.9375 674.8125 592.0625
damnation 1027.375 256.8125 577
damnation 1024 745.9375 576.0625
damnation 816.4375 784 544
damnation 742.9375 345.6875 592.0625
damnation 1014 616.875 688.0625
damnation 1029.125 363 736.375
desecration 2852.0625 1899.6875 2144
desecration 2684.25 1837.5 2064
desecration 982.5625 1912.125 2000.0625
desecration 808.375 1644.125 2112.0625
desecration 964.375 2019.3125 2096
dust2 1848.875 1574.4375 352.0625
dust2 1646.25 1960.125 384
dust2 1717.625 1651.8125 400.0625
dust2 1687.3125 1394.6875 352.0625
dust2 1699.875 1198.5625 384
dust2 1540.0625 1060.0625 400.0625
dust2 1294.875 1354.0625 384.0625
dust2 1129.0625 1066.375 416
dust2 1188.4375 1574.1875 384.0625
dust2 1104.125 1716 384.0625
dust2 1423.4375 1720.25 440.0625
dust2 1403.875 1563.875 480
eternal_valley 1441.0625 739 648
eternal_valley 1184.25 812.3125 716
eternal_valley 749.125 580.5 579
eternal_valley 1002.875 381.5625 640
eternal_valley 729.6875 870.125 512.0625
eternal_valley 171.9375 519.8125 584
eternal_valley 279.6875 418.5 640.0625
eternal_valley 471.8125 521.125 720.0625
europium 709.1875 731.4375 1151.6875
europium 1148.8125 857.25 1088.0625
europium 1358.125 1074.625 1040.0625
europium 1179 538.125 1152.0625
face-capture 2278.375 3052.1875 2043.3125
face-capture 2491.875 3051.8125 2076.0625
face-capture 2532.3125 2532.75 2107.5
face-capture 2536.1875 2221 2109.6875
face-capture 2602.3125 1679.5625 2042
face-capture 2491.875 1684.0625 2076
face-capture 2437.8125 1672.375 2144.0625
face-capture 2356.375 2956.375 2240
forge 21.8125 168.25 568.0625
forge 318.75 498.875 579.1875
forge 715.375 708.875 576.0625
forge 964.25 807.6875 568.0625
forge 849.875 708.625 664.0625
forge 527.0625 844.25 664.0625
forge 223.9375 384 664.0625
forge 315.1875 158.25 664
forgotten 2000.8125 1840.3125 572
forgotten 1746.875 1558.8125 643.9375
forgotten 1790.4375 2017.5625 647.75
forgotten 1717.625 2474.1875 576.0625
forgotten 2060.0625 2265.25 560.0625
forgotten 1947.375 1722.6875 544.0625
forgotten 2119.875 2499.875 576.0625
forgotten 1629.875 2464.625 511.5625
garden 4303.9375 3665.5625 4160
garden 3933.9375 3942.1875 4192.0625
garden 4044.375 4441.375 4192.0625
garden 4290.6875 4390.5 4196
garden 4425.9375 4159.625 4196
garden 4094.4375 4730.4375 4272
garden 4094.8125 3572.75 4272.0625
hallo 1210.1875 673.9375 1152
hallo 1614.9375 848.375 1136
hallo 1889.75 1238.6875 1152.0625
hallo 1508.9375 1373.3125 1088.0625
hallo 1151.5 1544.125 1024
hallo 630.375 1375.625 960
hallo 377 890 1024.0625
hallo 394.875 847.125 960.0625
hallo 212.5625 1392.1875 1120.0625
hallo 240.5 1916.875 1216.0625
hallo 328.25 1550.0625 1216
haste 422.4375 837.125 544
haste 592.75 816.5625 496.0625
haste 531.75 1200.6875 544.0625
haste 378.375 782.8125 608.0625
haste 1332.875 1007.75 544.5
haste 1413.625 1091.0625 608
haste 1270.8125 652.125 544
haste 1299.8125 1024.375 608.0625
hidden 2584.1875 2431.0625 1280.0625
hidden 2045.4375 2635.3125 1225.875
hidden 2070 2785.8125 1280.0625
hidden 2808.625 2782.4375 1344
hidden 3123.1875 1939.6875 1506.5625
hidden 2787.5625 1578.375 1280
hidden 2283.9375 1310.3125 1280.0625
hidden 2035.875 1087.6875 1265.8125
hidden 1790.25 1566 1280.0625
hidden 2046.4375 1758.9375 1152.0625
hidden 2472.4375 2048.6875 1280
hidden 1631.0625 2048 1280.0625
infamy 1692.9375 1118.1875 2160.0625
infamy 1821.0625 1562.9375 2168.75
infamy 1824.125 1944.6875 2144
infamy 1813 2069.3125 2144
infamy 1938.5 2077.3125 2144
infamy 1951.9375 1963.9375 2144
infamy 1946.75 2438.0625 2160.0625
infamy 2083.8125 2893.5 2160.0625
infamy 1951.75 2532.25 2080
infamy 1819.5 1499.875 2080
kopenhagen 1023.875 932.6875 544.0625
kopenhagen 899.0625 574.6875 560.4375
kopenhagen 892.875 760.75 557.0625
kopenhagen 716 703.5625 553
kopenhagen 374.625 674.875 592.0625
kopenhagen 356.25 901.8125 560
kopenhagen 346.0625 1130.0625 576
kopenhagen 608.9375 1430.625 608.0625
kopenhagen 963.9375 1484.8125 576.0625
kopenhagen 1244.625 1343.9375 544.0625
kopenhagen 1648.0625 1413.5625 560.0625
kopenhagen 1699.5 1137.75 560.0625
kopenhagen 1640.75 795.9375 656
kopenhagen 883.9375 1110.9375 544.0625
l_ctf 806 339.125 384
l_ctf 664.0625 660.5 384.0625
l_ctf 352.9375 788.375 384.0625
l_ctf 181 765.8125 384.0625
l_ctf 774.25 180.875 384.0625
l_ctf 806.0625 810.4375 576.0625
mach2 803.3125 1036.4375 1056.0625
mach2 927.25 1080.25 976.0625
mach2 1055.5 1057.375 1192
mbt1 1608.625 1001.9375 673.0625
mbt1 1327 998.9375 608.0625
mbt1 375.125 994.875 673.0625
mbt1 468.625 997.875 673
mbt1 658.25 997.875 608
mbt1 988.5 941.1875 544
mbt1 1444.75 1000.25 512.0625
mbt1 815 734.4375 528.0625
mbt1 1198.1875 1266.25 528.0625
mbt12 526.3125 980.1875 615
mbt12 913.375 965.0625 615
mbt12 1288.375 1440.375 615
mbt12 869.9375 1473.3125 615
mbt12 843.25 1085.5 528
mercury 943.125 81.25 640.0625
mercury 539.8125 293.125 576
mercury 87.1875 941.0625 640.0625
mercury 164.625 376 608
mercury 425.75 418.8125 608.0625
mill 664.0625 733.8125 1088.0625
mill 722.875 1787.875 1136.0625
mill 1252 1489.625 1120
mill 923.6875 337.125 1152.0625
mill 1022.1875 1222.6875 1168.0625
nitro 2051.625 2046.6875 280
nitro 2049.5 2046.625 250
nitro 1807.4375 2132.125 160
nitro 2247.1875 1969.9375 160.0625
redemption 821.3125 142.6875 1024
redemption 1026.5 518.3125 1120.0625
redemption 1022.5625 893.375 1120.0625
redemption 1236.5 1216.5 1024
redemption 922.25 708.375 912.0625
redemption 1103.5625 693.5 912.0625
reissen 853.75 1423 1312
reissen 1157.25 1096.875 1344
reissen 940.4375 1248.8125 1279.0625
reissen 982.75 1545.75 1486.0625
reissen 900.8125 978.75 1486.0625
shipwreck 4679.1875 4984.125 4119.0625
shipwreck 4906.1875 4741.4375 4106.6875
shipwreck 4390.4375 4225.75 4224.0625
shipwreck 4246.3125 4025.0625 4140.0625
shipwreck 3923.625 4025.9375 4152.0625
shipwreck 3776.6875 4145.625 4086.3125
shipwreck 3469.125 4899.0625 4220.875
shipwreck 4693.25 4957.6875 4184.0625
shipwreck 4681.875 5285.1875 4172.0625
siberia 963.75 250 496.0625
siberia 1265.3125 473.6875 544.0625
siberia 1083.9375 892.625 544.0625
siberia 628.3125 1017.5625 544
siberia 447.625 1227.25 544.0625
siberia 701.4375 1752.6875 496.0625
siberia 691.8125 1294.25 512.0625
siberia 970.8125 718.25 512.0625
snapper_rocks 1932.3125 2049.125 2207
snapper_rocks 2044.5625 2048.375 2201.1875
snapper_rocks 1754.8125 1833.375 2080.0625
snapper_rocks 2229.5 1838.9375 2079.5625
snapper_rocks 1704.25 2207 2112
snapper_rocks 2576.9375 1905.625 2112.0625
snapper_rocks 2446.25 2276.6875 2041.875
snapper_rocks 1756.75 2215.9375 2048
spcr 626.9375 918 800
spcr 755 1314.25 768.0625
spcr 1224.4375 1378.6875 800
spcr 1501.5 1052.1875 864.0625
spcr 1424.375 548.5625 832.0625
spcr 1033.0625 528.3125 832
spcr 1026.125 720.875 842.4375
spcr 1126.625 903.625 830
spcr 1519.9375 872.625 964.0625
spcr 644.25 1242.6875 872
spcr 531.5 1522.4375 848
suburb 1330.3125 1793.875 1120
suburb 903.5625 1714.875 1120.0625
suburb 674.875 1594.5 1040
suburb 522.6875 1401.375 1040.0625
suburb 425.1875 1090.9375 1040.0625
suburb 188.375 564.625 1024.0625
suburb 457 530.25 1024.0625
suburb 806.3125 602.0625 1024.0625
suburb 1044.125 469.5 1072.0625
suburb 1415.0625 599.6875 1088.0625
suburb 1305.75 679.0625 1140
suburb 1697.6875 498.5 1072
suburb 1670.875 1022.6875 1168
suburb 1666.625 1327.4375 1136.0625
suburb 1743.875 1524.125 1144.0625
suburb 923.6875 883.0625 1072
tejen 1476.75 1023.25 898.0625
tejen 1490.4375 832.125 896.0625
tejen 1063.75 916.1875 904.0625
tejen 1021.375 1124.6875 904
tejen 670.4375 1027.25 904
tejen 570.875 1020.3125 898.0625
tejen 1365.9375 1024.0625 904.0625
tejen 1339.9375 1283.5625 896.0625
tejen 1340.75 766.125 896
tejen 707.25 762.875 896.0625
tejen 830.9375 1029.6875 976.0625
tejen 1217.0625 1015.125 976
tejen 1023.5 969.875 832.0625
tempest 2421.4375 1856.3125 523.5625
tempest 1674.125 2228.25 523.5625
tempest 1912.375 2037.4375 624
tempest 1969.4375 2225.75 606.3125
tempest 2190.125 2045.4375 624.0625
tempest 2697.5625 1783.6875 464
tempest 1228.75 2318.1875 464.0625
tortuga 1340.6875 1531 928.0625
tortuga 1468.4375 1344.5625 904.0625
tortuga 1669.1875 1075.8125 904.0625
tortuga 1048.375 857.75 904.0625
tortuga 419.3125 712.25 1016
tortuga 792.375 531.625 1036
turbulence 1063.9375 1121.6875 784.0625
turbulence 895.75 895.9375 649
turbulence 732.9375 679.4375 784
turbulence 968.875 966.625 808
turbulence 818.75 823.3125 808.0625
twinforts 589.75 921.3125 480
twinforts 438.75 925.5 480
twinforts 108.625 922.8125 432
twinforts 131.5 514.625 448
twinforts 113.6875 115.5625 432.0625
twinforts 452.0625 109.6875 480
twinforts 592.8125 105.625 480.0625
twinforts 872.5 511 448
twinforts 810.0625 225.125 432.0625
twinforts 805.75 793.8125 432
twinforts 288.8125 516.75 384
twinforts 751.1875 116.0625 384.0625
twinforts 272.5 905.5625 384.0625
urban_c 1314.75 2528.4375 2048
urban_c 691.1875 3058.3125 2048.0625
urban_c 275.8125 2607.5 2096
urban_c 360.1875 3100.1875 2052
urban_c 236.125 3570.875 2084
urban_c 945.25 3525.9375 2048
urban_c 371.3125 3910 2048.0625
valhalla 635.5625 1463.1875 1024.0625
valhalla 397.4375 874.9375 1024.0625
valhalla 1048.9375 1171.5 1024.0625
valhalla 1756.1875 1055.625 992.0625
valhalla 2426.9375 749.3125 980.0625
valhalla 2587.9375 1668.75 1024.0625
valhalla 1708.0625 1489.75 1352.0625
valhalla 1235.875 1461.5 1352.0625
wdcd 688.3125 923.375 512
wdcd 943.75 859.875 512
wdcd 428.625 725.875 512.0625
wdcd 39.0625 847.625 560.0625
wdcd 79.5625 981 616
wdcd 73.875 166.6875 512.0625
wdcd 299.0625 216.75 512
wdcd 505.75 284.9375 544
wdcd 956.0625 34.75 616
wdcd 939.125 12.0625 556.0625
wdcd 988.625 445.375 520
wdcd 232.6875 541.4375 564
xenon 2333.75 2496.1875 448
xenon 2926.0625 2568.4375 370.25
xenon 3491.6875 2046.5625 431
xenon 4329.5 2729.375 640.0625
xenon 4462.4375 2962 536
xenon 4264.1875 2828.6875 520.0625
xenon 3951.5 3014.5625 493.75
xenon 4192.4375 3418.0625 355.4375
xenon 3389.3125 2111 508
xenon 3899.1875 3955.0625 588.875
fc5 3159 1963.5 2083.5
fc5 2978.3125 1670.4375 2102.8125
fc5 2551.8125 1562.375 2120.0625
fc5 2152.375 1580.4375 2107.0625
fc5 1937.4375 1682.6875 2112.0625
fc5 1871.8125 2469.625 2114.9375
fc5 1749.875 1808.6875 2186.625
fc5 2560.1875 2295.875 2282.125
fc5 2847.5 1890.9375 2112.0625
fc5 2088.0625 2203.375 2112
gubo 359.3125 527.1875 480.0625
gubo 369.8125 687.625 480.0625
gubo 324.625 669.5 544
gubo 293.4375 334 576.0625
gubo 369.5625 322.5625 623.875
gubo 579.125 703.8125 464.0625
gubo 529.6875 578.5625 464.0625
gubo 609.8125 442.9375 460
gubo 786.75 288.125 584
gubo 601.5 284.75 582.8125
gubo 500 347.3125 560.0625
gubo 637.625 525.4375 564
gubo 652.375 420 512
duomo 891.8125 255.0625 1248.0625
duomo 1140.375 482.6875 1203.0625
duomo 853 813.75 928.0625
duomo 794.5625 1202.75 1024
duomo 1195.5 1211.625 928.0625
duomo 1257.625 817.5625 1024.0625
duomo 1027.4375 1078.4375 1122.1875
duomo 1024.5625 987 1125
duomo 1140.4375 1570.125 1203.0625
duomo 896.875 1790.625 1248.0625
duomo 975.9375 1023.5625 864.0625
donya 2138.1875 3039.25 520.0625
donya 2324.75 2936.0625 520.0625
donya 2321.125 2703.9375 512.0625
donya 2358.8125 2494.4375 600.0625
donya 2186 2504.625 618.1875
donya 1974.9375 2497.75 600.0625
donya 1647.5625 2328.8125 600.0625
donya 1383.5 2135.875 600.0625
donya 1384.5625 1886.8125 632
donya 1385.75 1702.0625 600.0625
donya 1499.25 1494.6875 600.0625
donya 1371.9375 1220.875 512
donya 1702.625 1110.8125 512
donya 2251.1875 1137 600.0625
donya 2285.375 1536.125 600.0625
donya 2392.8125 1638.1875 600.0625
donya 2438.125 1987.5625 600.0625
donya 2545.6875 1871.625 512.0625
donya 2131.75 2226.5 512.0625
donya 1678.3125 2138.5625 416.0625
donya 1895.875 1858.0625 416
donya 2173.125 1857.75 416.0625
donya 2287.5 1603.625 464.0625
donya 2320.125 1288.3125 446.0625
